10003
10072
10266
10383
10483
10498
10548
10589
10605
10610
10705
10798
10827
11216
11349
11364
11488
11527
11595
11703
11739
12256
12481
12482
12572
12671
12762
13045
13060
13117
13448
13582
13592
13732
13794
13809
13832
14064
14156
14168
14242
14251
14637
14746
14761
14800
14879
15045
15217
15286
15329
15357
15572
15586
15745
15810
15836
15845
15879
15894
15905
16026
16212
16451
16485
16507
16783
16916
17208
17232
17311
17373
17583
17584
17587
17608
17778
17949
17988
18081
18316
18530
18740
18818
18820
18900
18901
18915
19065
19192
19197
19232
19286
19355
19402
19444
19610
19642
19760
19865
19970
20157
20227
20288
20344
20371
20385
20391
20464
20527
20537
20833
20925
21087
21211
21214
21266
21269
21376
21600
21688
21884
21933
22098
22139
22163
22201
22377
22517
22783
22785
22792
22793
22889
23098
23120
23135
23335
23754
23810
23862
23870
23906
23957
24090
24188
24278
24393
24459
24485
24562
24605
24606
24806
24891
24989
25085
25184
25220
25243
25274
25279
25425
25536
25556
25566
25699
25806
25812
26041
26109
26137
26313
26337
26406
26416
26441
26523
26657
26670
26860
26971
27060
27123
27187
27313
27324
27368
27407
27553
27614
27786
27795
27994
28005
28256
28261
28707
28708
28739
29143
29253
29255
29274
29410
29479
29493
29565
29574
29611
29779
29828
29835
29841
30028
30129
30141
30221
30240
30355
30512
30577
30593
30678
30775
30914
30926
30976
31113
31168
31228
31243
31291
31329
31363
31533
31625
31659
31699
31781
31906
32031
32035
32205
32289
32302
32489
32494
32587
32619
32652
32718
33226
33246
33247
33278
33323
33374
33383
33418
33487
33532
33662
33813
33819
33970
34056
34147
34213
34249
34357
34386
34421
35032
35040
35183
35188
35264
35302
35316
35318
35617
35842
35869
36143
36306
36323
36396
36451
36651
36795
36899
36904
36923
36939
37014
37030
37081
37142
37162
37217
37352
37900
37942
38001
38011
38087
38219
38246
38447
38450
38452
38566
38680
38690
38734
38740
38923
38956
39042
39122
39139
39190
39483
39585
39611
39765
39825
39871
40001
40097
40149
40596
40607
40640
40679
40829
40886
40948
40983
41210
41244
41466
41497
41578
41580
41660
41702
41719
41827
41893
42052
42102
42118
42346
42596
42667
42772
42802
42911
42955
42998
43214
43356
43430
43581
43761
43848
43999
44121
44144
44169
44210
44320
44440
44904
44966
45113
45399
45495
45506
45636
45679
45736
45794
45844
45968
46121
46252
46436
46455
46537
46875
46995
47055
47061
47090
47287
47325
47383
47497
47509
47530
47701
47876
48248
48271
48325
48410
48511
48514
48551
48564
48657
48764
48785
48808
49010
49089
49132
49244
49305
49427
49710
49815
49924
49957
50026
50081
50251
50297
50313
50333
50379
50502
50585
50753
50770
50804
50883
50913
51055
51059
51073
51123
51556
51580
51584
51838
51980
51984
51987
52256
52386
52412
52577
52595
52793
52930
52952
52978
53004
53046
53089
53122
53131
53145
53239
53247
53259
53262
53327
53338
53434
53468
53472
53511
53727
53794
53810
53817
53847
53867
53952
53957
54002
54090
54156
54178
54333
54383
54492
54561
54572
54588
54701
54768
54813
55216
55574
55576
55877
56044
56085
56250
56273
56335
56351
56421
56453
56479
56533
56636
56644
56653
56666
56759
56912
56970
57004
57045
57065
57068
57108
57111
57378
57400
57479
57529
57582
57670
57857
57997
58012
58081
58127
58282
58414
58505
58625
58857
58877
58905
58958
59025
59040
59067
59140
59285
59682
59815
59974
60038
60057
60074
60286
60414
60533
60806
60810
60881
60986
61063
61272
61615
61692
61704
61775
61922
61965
62028
62097
62111
62121
62229
62269
62375
62388
62461
62508
62543
62706
62840
62850
62854
62856
62865
62955
63005
63247
63257
63293
63306
63321
63414
63415
63424
63470
63482
63580
63712
63847
64060
64227
64234
64270
64387
64435
64592
64628
64757
64782
64895
64979
65220
65247
65380
65532
65563
65632
66117
66156
66216
66264
66347
66461
66541
66649
66672
66725
66812
66819
66853
66854
66911
66955
67039
67087
67185
67243
67259
67350
67505
67657
67800
68147
68163
68341
68369
68449
68766
69042
69043
69123
69127
69148
69197
69328
69457
69471
69547
69816
69850
69879
69891
70014
70253
70433
70436
70514
70872
71135
71137
71152
71170
71287
71445
71491
71643
71675
71806
71808
71866
71912
71953
71961
71965
72027
72464
72526
72548
72562
72578
72670
72709
72787
72802
72924
72937
72984
73145
73204
73274
73528
74014
74042
74121
74160
74223
74308
74312
74320
74356
74535
74576
74580
74599
74651
74740
74941
74947
75020
75102
75140
75297
75448
75459
75510
75527
75596
75602
75634
75654
75698
75721
75852
75974
76095
76193
76214
76346
76442
76654
76949
76953
77017
77114
77137
77261
77267
77274
77297
77328
77380
77412
77446
77447
77509
77512
77940
77996
78117
78193
78239
78359
78409
78424
78502
78670
78682
78688
78702
78760
78811
78873
79046
79054
79122
79235
79247
79266
79347
79422
79509
79510
79620
79716
79750
79782
79851
79952
79964
79985
80071
80307
80322
80402
80432
80646
80739
80770
80913
81095
81213
81214
81313
81520
81540
81566
81713
81973
82115
82136
82254
82370
82427
82570
82584
82708
82710
82762
82985
83060
83066
83078
83188
83225
83292
83343
83424
83592
83618
83699
84072
84090
84119
84120
84127
84152
84211
84410
84447
84481
84605
84612
84669
84800
84885
84955
84964
85087
85177
85315
85379
85489
85535
85568
85620
85698
85752
85892
85922
85959
86251
86451
86466
86480
86499
86900
87100
87281
87303
87330
87427
87488
87683
87735
87758
87781
87964
88017
88027
88094
88097
88201
88343
88514
88520
88548
88565
88672
88675
88746
88914
89021
89513
89553
89685
89694
89808
89852
89930
90088
90101
90466
90484
90546
90557
90580
90613
90620
90715
90797
90849
91095
91135
91181
91238
91362
91419
91571
91588
91638
92038
92265
92352
92687
92700
92715
92728
92801
92870
93018
93199
93371
93454
93519
93689
93919
93980
94366
94451
94527
94540
94632
94662
94752
94761
94765
94845
94958
94967
95057
95072
95196
95206
95405
95419
95527
95571
95712
95865
95994
96073
96083
96264
96284
96300
96306
96456
96473
96537
96633
96862
97003
97055
97097
97195
97294
97330
97361
97371
97652
97799
98000
98014
98128
98138
98242
98256
98389
98463
98468
98783
98928
99210
99289
99439
99855
99934
