38450
94765
89694
96083
57068
32031
97652
85752
66117
29274
73274
15357
79851
68766
67087
19642
27123
98928
48657
68163
74320
68369
63293
70014
58505
79235
42118
89553
54588
74947
95994
40886
89808
51059
29828
26337
75448
26971
71808
29493
47055
50770
14156
56759
38923
12572
88675
78193
41580
38011
27994
98468
53338
27553
77017
47383
79266
74356
22139
84119
77267
97361
58958
17232
26441
49244
58905
15329
56453
44121
36651
22517
36899
44144
14168
75698
53259
95206
53817
67800
48808
35316
25220
23135
64270
62121
90797
49815
39585
83592
57529
36396
50313
41827
58012
66853
59067
29841
25699
75721
15845
68449
78811
77447
84481
67243
40596
18530
16485
18820
10705
92870
63712
71445
27313
60286
40149
74223
30240
57108
42911
30976
26657
77509
76095
64592
97195
27060
60414
29255
74160
35318
59140
53239
47530
66911
28261
78688
78682
16916
80432
48514
44320
87488
23810
83225
52412
71961
76949
54333
46121
40001
28005
43356
94967
98138
58625
24459
34147
96300
47061
50297
19355
96284
41466
72578
91238
87100
22792
49305
50026
71866
77297
79510
72670
24090
71170
24188
15286
71137
66672
64757
40097
66347
11349
96456
60810
30775
46875
74042
98242
20464
11216
51584
29479
25274
76193
63580
80770
46436
78670
24606
50913
87427
20527
39190
12482
59815
58857
26313
28707
85620
22793
18901
26137
17778
33813
82136
29410
45844
79750
95419
40640
56250
46252
90620
60057
35869
84211
72937
80322
52793
74580
25536
50585
21269
85698
80071
36306
66725
33487
27786
93519
55574
65632
75140
21376
56970
94632
59040
98256
66819
32205
23862
35302
34357
16783
50804
82254
75852
42052
56085
72548
72709
27187
45506
46995
83699
49924
99855
62856
28739
17311
50379
56636
70872
86900
57857
92352
11595
33278
79985
51838
79422
15836
85535
71491
18081
47876
97371
22201
11364
94451
61063
13448
20391
61615
45636
53957
85177
81213
48248
45113
82427
33323
67505
26670
79620
22783
75102
10610
30914
53004
73145
30678
12762
86499
13832
89930
93980
53089
68341
25812
77380
78760
98000
78359
32489
94527
33226
61775
31168
95196
28708
99934
55576
40679
77996
74121
80739
27324
83292
26406
81713
88520
71675
30129
37014
33970
32494
39139
76214
76953
35040
17949
81520
62508
54572
79509
24891
45794
85379
79782
73528
14064
71965
60533
22163
20833
84152
71152
24562
50251
95527
88201
87781
44210
43999
90557
26041
33246
82762
54561
31699
24806
97294
57582
38956
91638
44169
29835
57045
56421
98128
24605
23870
97003
11739
89513
20925
14761
23754
42102
38734
39825
81566
84612
90484
22889
54768
48764
12481
90546
38087
49010
92728
81313
74535
36939
51987
62840
43761
58282
63257
48410
57997
14800
77328
82570
48271
69127
34386
69197
10827
82708
95057
44966
21933
42772
19232
53262
32302
14637
91419
66541
15810
75596
63247
96073
40948
77261
33418
30512
69148
62854
98389
23120
56653
49957
30593
57670
44904
10003
17583
35032
17608
20288
43214
79347
94845
24989
84669
74014
13045
64782
87683
36451
59285
99210
66649
53952
83188
88672
21214
24393
88027
75510
61965
50081
84120
84090
90580
37942
20157
82710
15745
39765
66955
31533
18316
48785
19970
26109
41210
45968
19444
64435
34213
21211
75654
89852
19610
53810
18740
39042
50333
56479
62955
45736
88746
16507
70514
15217
69123
24278
45495
15905
13582
83066
21087
32035
50502
80402
54701
25184
52595
13794
10548
86251
57065
35617
40607
54492
56644
45679
14251
71806
42346
48325
51980
98014
39611
79247
87735
93919
32619
31659
27614
96264
17373
79122
36904
78239
25085
16451
43848
65380
69891
88097
53472
85315
67185
30926
38001
87330
19192
63847
10483
75527
63424
28256
81540
93018
75634
71643
72464
74651
61692
40829
63414
51580
54813
63005
80646
64628
94761
79054
74941
84955
78409
54178
56533
18900
55216
66854
88094
60806
27368
58081
21266
62229
22785
38447
69547
12256
34249
43430
83343
53434
63321
33819
38690
47509
62269
53247
88548
42667
92265
94540
72984
62111
75974
54383
79046
10383
77274
90101
90466
56335
34056
65220
30577
85922
88914
59974
59682
42802
93454
51073
66264
39483
88565
96306
50883
26523
38219
19402
63482
97055
66216
79952
69328
41244
83424
10589
88514
53046
37352
34421
67039
37162
74312
38740
69471
32289
72562
37081
31329
31243
62461
96473
25279
10072
47497
49427
10605
91095
58414
82370
57378
24485
13809
76442
64387
57400
29253
63306
23098
62865
87758
32587
45399
41893
56666
35264
52577
51123
62388
66812
21600
74599
72802
84800
72787
53794
33247
52978
66156
91181
48551
95712
25556
84885
53327
33532
19286
89021
10498
61704
46537
36143
76654
57004
85959
77137
52952
51984
30028
84410
37142
77446
55877
67259
99289
85489
31363
96633
81214
87281
44440
63470
42955
94662
14746
20227
69042
13060
43581
65247
96862
39871
19865
13117
60881
85892
41497
16212
25806
98783
84964
64895
49132
64979
17208
77114
47287
67657
99439
41719
79716
60986
93689
41660
31113
15586
93371
97330
14879
20385
51055
76346
70253
63415
95865
86466
14242
54002
70433
91588
37217
71912
15879
42596
90613
69816
82985
13592
90849
33383
97097
29779
19760
93199
35188
38680
75459
19065
35183
92715
83060
77412
97799
32652
94958
72526
16026
80913
41578
58877
37030
68147
56044
23335
42998
80307
77512
54090
88343
15894
62706
35842
95072
52930
75602
78117
65532
75020
46455
62850
81095
31291
27407
94752
92700
84447
92801
29143
21884
62375
19197
54156
78873
38246
72027
91571
53847
81973
13732
38452
31228
71135
21688
30221
31781
31625
53131
50753
49089
49710
48564
29574
84072
90715
87964
73204
78502
87303
31906
74740
22098
53867
67350
91135
53468
30141
74308
69043
88017
17584
32718
12671
69879
59025
52386
61922
89685
95571
86480
78702
29611
92687
66461
18818
64227
56273
10266
85568
41702
52256
20344
15045
36323
86451
62028
72924
95405
83618
36923
74576
60074
58127
94366
79964
20371
57111
56351
53511
69850
48511
11488
23957
10798
78424
70436
82584
27795
25243
85087
20537
60038
26860
29565
11527
38566
33662
30355
98463
61272
11703
71287
47090
84127
26416
17988
84605
64060
17587
56912
47325
25425
77940
82115
18915
53122
92038
90088
40983
64234
39122
53727
75297
51556
71953
83078
65563
53145
36795
91362
47701
33374
15572
96537
69457
62097
62543
23906
57479
37900
25566
22377
