56790
36795
26251
99006
30577
60133
26657
40654
44144
30512
84130
56848
19968
87545
66672
37292
85780
19402
36964
68163
70436
93818
10589
13744
92715
72633
84297
49028
42667
89737
68163
27795
48152
71866
47181
92715
87890
12395
80599
61319
43873
96410
68842
54054
26343
34357
40823
39871
42667
85234
39871
21775
68111
35842
80913
93294
78275
77328
87671
39187
66964
23225
10638
96076
75500
64695
39871
69637
42667
36077
39871
45430
71230
88757
30512
26657
91167
30577
34357
77328
99593
55943
54492
34357
19402
77328
94795
92715
72810
69042
54279
35842
11918
94458
42667
95424
66672
34357
99289
58905
86480
65563
40412
45365
68163
48342
78376
55403
30577
80617
26657
32227
26657
71866
80913
56912
29131
86480
44070
76095
44144
76095
17110
36380
30914
94578
95571
16139
85294
45894
47530
59173
95571
25992
46078
59604
27795
83703
77328
56912
82570
62025
98398
71139
68163
55084
22240
76095
65702
37419
12587
30512
46617
27795
62701
69042
35550
52266
25961
21588
77328
71866
68163
40450
84017
24354
20765
92715
71767
82403
95295
13340
93959
63708
94771
39871
58905
45664
68163
81703
19402
39871
34357
39871
91362
92715
46298
24294
87235
87418
91925
35280
92533
19789
22783
27795
57068
95571
92715
33662
94935
36795
34357
96279
69042
35842
77261
99289
47887
84479
18124
34357
80913
61965
68163
39871
31786
69042
27795
80913
58401
20872
51108
95571
26508
39871
62139
56912
63802
46436
21794
34357
35842
69042
59650
65327
39220
46392
14161
67333
27165
47530
22622
97473
81795
25442
42667
39871
77261
13889
96213
17432
67735
91732
39112
30512
44692
86480
80253
39978
79753
56912
78082
94294
31138
58568
80913
72574
70436
66672
56084
36148
34650
51376
90184
74758
42527
39871
70111
26657
38217
19402
96864
91362
25261
71866
86480
97179
47308
88031
74539
17756
72603
86480
28943
59145
37956
30577
58947
30914
56912
14944
39688
85733
29457
47530
69416
70436
30577
65563
86480
42631
95284
88017
30577
99289
22109
91362
62592
86977
59415
33662
61965
22827
10051
91362
96086
77261
38980
35842
30926
54492
60512
21619
95865
15173
96922
92715
27578
39841
91362
84113
76095
61946
26657
89157
86760
56814
68326
79036
22783
69081
95865
66371
55561
35842
89829
35842
19402
66672
66672
91362
80913
66298
69042
28826
39871
80913
71986
30577
37179
71476
30577
77590
56912
91109
92715
92715
44144
70436
13019
17806
26657
77328
48798
26657
97051
68163
65213
80913
92715
93451
21138
69042
36264
63516
64704
83574
80913
61438
90325
33662
22783
40082
56912
30512
30512
22783
22783
77328
81529
95865
90454
68163
30914
74197
23403
16503
68163
42762
71866
33662
92715
33662
92487
81716
82109
76473
30926
14229
30577
35842
95571
57032
65563
13049
33377
22783
56789
98930
76095
38996
41139
86478
86480
51561
83362
47395
22783
35040
57068
17716
86480
87719
35014
30926
33590
81140
58356
17708
69077
30926
59688
22783
80913
23816
82570
88279
79311
35842
63095
67448
98215
27795
77328
22783
68163
85570
94373
30914
80913
34357
45650
44144
19402
66672
70374
56521
59608
24816
49853
28974
45203
27378
62252
80913
29190
68163
95577
46335
11243
33662
70173
85121
19402
37680
46680
61965
19671
65563
55220
77328
34368
93310
70436
14352
98509
36393
62875
68163
14233
57068
33242
59998
30914
34707
83611
54081
65927
76095
71866
76095
16047
50057
79622
92715
36821
73363
65563
87659
69042
26657
58961
77328
96959
12051
68163
91362
57102
24331
92715
30577
39871
63608
30512
66672
49528
49927
35040
66672
80913
33534
64891
86802
36795
77278
30926
56912
76095
30926
71866
47530
36278
75190
46332
65563
35842
33659
34259
57068
68975
42957
19454
92715
73598
22819
38339
39786
58905
33662
19402
39871
90404
36866
22180
47743
33662
66672
92863
33577
65563
39814
67503
19240
53566
44610
83748
66672
65083
30577
26657
36169
95571
19402
13551
41587
80913
30512
92774
80913
95865
44769
33662
66672
31660
58905
30512
60686
76095
71866
23007
35704
44838
44144
36795
34819
86480
94388
47650
30577
74822
22783
76425
97485
99451
45251
76095
86480
82570
23784
80913
61865
22783
26870
43996
33662
39005
23565
36795
30577
33662
21802
53694
56912
68163
93117
42667
95247
71866
43583
86480
35842
66946
49022
47530
42667
93898
30512
53516
56655
60873
50991
70572
33662
19750
23381
47797
27795
21060
81767
35040
35448
30512
35842
65563
42667
66369
11025
65563
19402
21767
86480
76095
71866
42667
39871
65501
33662
34357
10996
95653
30577
19402
73560
26040
32184
66672
26657
30914
84043
64949
58905
42667
78473
12343
12106
26657
19402
77261
86328
57061
30512
55014
10589
22783
51845
92715
25828
99687
98764
39871
34357
79994
76315
76095
70436
69042
76530
42667
74182
68163
27795
30577
30914
61537
13898
61908
99289
40213
77549
19402
30512
92528
39871
31427
95571
33092
75406
86480
34920
68163
55568
88017
84371
61301
26657
35842
36267
80913
15507
82042
77261
42512
88722
33662
35040
92715
95341
66672
88017
66058
21087
80394
99337
61965
58182
31706
62878
32216
30633
54182
87966
23041
99312
55585
30926
19402
26519
32459
95571
70436
25315
26562
46436
32337
86005
95571
70436
46976
66672
94697
22096
69042
91362
42667
19402
82873
92715
19402
22783
20144
27795
53093
86480
26625
33662
30411
61965
16084
63686
15310
21419
44144
14290
33467
33662
65563
14369
42667
47639
61965
87833
15102
36795
99289
34357
49061
74720
12941
68163
27680
80806
76095
27128
17354
40153
29225
68670
20197
18468
46834
57767
78848
89061
87715
33362
82036
71866
86480
19402
93246
74995
65563
39871
78226
52265
65563
27800
58905
43030
78190
85640
99289
10699
53709
16668
99289
36795
21883
22783
57068
39023
98514
35842
63179
19402
26657
86465
13752
35253
77295
39430
98611
14592
87458
92715
54714
97648
44144
18187
66672
64742
62476
69193
50345
79614
85533
57068
75901
56912
13632
68163
86480
36795
92715
35040
22783
78355
11820
53110
34145
83449
95208
30577
86506
99289
33662
36008
26713
58905
66672
42485
63340
56304
99376
37831
81666
92715
85639
63011
50356
71866
62286
23504
27795
66974
77092
56912
36795
42294
30512
26657
30926
81831
66693
93030
37896
27789
80530
36795
34357
84926
47530
97110
34357
32345
26935
30847
27795
40093
56912
70436
77328
50482
65563
61328
72207
90011
23322
46878
