10051
10589
10589
10638
10699
10996
11025
11243
11820
11918
12051
12106
12343
12395
12587
12941
13019
13049
13340
13551
13632
13744
13752
13889
13898
14161
14229
14233
14290
14352
14369
14592
14944
15102
15173
15310
15507
16047
16084
16139
16503
16668
17110
17354
17432
17708
17716
17756
17806
18124
18187
18468
19240
19402
19402
19402
19402
19402
19402
19402
19402
19402
19402
19402
19402
19402
19402
19402
19402
19402
19402
19454
19671
19750
19789
19968
20144
20197
20765
20872
21060
21087
21138
21419
21588
21619
21767
21775
21794
21802
21883
22096
22109
22180
22240
22622
22783
22783
22783
22783
22783
22783
22783
22783
22783
22783
22783
22783
22783
22783
22783
22819
22827
23007
23041
23225
23322
23381
23403
23504
23565
23784
23816
24294
24331
24354
24816
25261
25315
25442
25828
25961
25992
26040
26251
26343
26508
26519
26562
26625
26657
26657
26657
26657
26657
26657
26657
26657
26657
26657
26657
26657
26657
26657
26657
26713
26870
26935
27128
27165
27378
27578
27680
27789
27795
27795
27795
27795
27795
27795
27795
27795
27795
27795
27795
27800
28826
28943
28974
29131
29190
29225
29457
30411
30512
30512
30512
30512
30512
30512
30512
30512
30512
30512
30512
30512
30512
30512
30577
30577
30577
30577
30577
30577
30577
30577
30577
30577
30577
30577
30577
30577
30577
30577
30633
30847
30914
30914
30914
30914
30914
30914
30914
30926
30926
30926
30926
30926
30926
30926
30926
31138
31427
31660
31706
31786
32184
32216
32227
32337
32345
32459
33092
33242
33362
33377
33467
33534
33577
33590
33659
33662
33662
33662
33662
33662
33662
33662
33662
33662
33662
33662
33662
33662
33662
33662
33662
33662
34145
34259
34357
34357
34357
34357
34357
34357
34357
34357
34357
34357
34357
34357
34357
34357
34368
34650
34707
34819
34920
35014
35040
35040
35040
35040
35040
35253
35280
35448
35550
35704
35842
35842
35842
35842
35842
35842
35842
35842
35842
35842
35842
35842
35842
35842
36008
36077
36148
36169
36264
36267
36278
36380
36393
36795
36795
36795
36795
36795
36795
36795
36795
36795
36795
36821
36866
36964
37179
37292
37419
37680
37831
37896
37956
38217
38339
38980
38996
39005
39023
39112
39187
39220
39430
39688
39786
39814
39841
39871
39871
39871
39871
39871
39871
39871
39871
39871
39871
39871
39871
39871
39871
39871
39871
39871
39871
39978
40082
40093
40153
40213
40412
40450
40654
40823
41139
41587
42294
42485
42512
42527
42631
42667
42667
42667
42667
42667
42667
42667
42667
42667
42667
42667
42667
42667
42762
42957
43030
43583
43873
43996
44070
44144
44144
44144
44144
44144
44144
44144
44610
44692
44769
44838
45203
45251
45365
45430
45650
45664
45894
46078
46298
46332
46335
46392
46436
46436
46617
46680
46834
46878
46976
47181
47308
47395
47530
47530
47530
47530
47530
47530
47639
47650
47743
47797
47887
48152
48342
48798
49022
49028
49061
49528
49853
49927
50057
50345
50356
50482
50991
51108
51376
51561
51845
52265
52266
53093
53110
53516
53566
53694
53709
54054
54081
54182
54279
54492
54492
54714
55014
55084
55220
55403
55561
55568
55585
55943
56084
56304
56521
56655
56789
56790
56814
56848
56912
56912
56912
56912
56912
56912
56912
56912
56912
56912
56912
56912
57032
57061
57068
57068
57068
57068
57068
57068
57102
57767
58182
58356
58401
58568
58905
58905
58905
58905
58905
58905
58905
58947
58961
59145
59173
59415
59604
59608
59650
59688
59998
60133
60512
60686
60873
61301
61319
61328
61438
61537
61865
61908
61946
61965
61965
61965
61965
61965
61965
62025
62139
62252
62286
62476
62592
62701
62875
62878
63011
63095
63179
63340
63516
63608
63686
63708
63802
64695
64704
64742
64891
64949
65083
65213
65327
65501
65563
65563
65563
65563
65563
65563
65563
65563
65563
65563
65563
65563
65563
65702
65927
66058
66298
66369
66371
66672
66672
66672
66672
66672
66672
66672
66672
66672
66672
66672
66672
66672
66672
66672
66672
66693
66946
66964
66974
67333
67448
67503
67735
68111
68163
68163
68163
68163
68163
68163
68163
68163
68163
68163
68163
68163
68163
68163
68163
68163
68163
68163
68163
68326
68670
68842
68975
69042
69042
69042
69042
69042
69042
69042
69042
69042
69042
69077
69081
69193
69416
69637
70111
70173
70374
70436
70436
70436
70436
70436
70436
70436
70436
70436
70572
71139
71230
71476
71767
71866
71866
71866
71866
71866
71866
71866
71866
71866
71866
71866
71866
71986
72207
72574
72603
72633
72810
73363
73560
73598
74182
74197
74539
74720
74758
74822
74995
75190
75406
75500
75901
76095
76095
76095
76095
76095
76095
76095
76095
76095
76095
76095
76095
76095
76315
76425
76473
76530
77092
77261
77261
77261
77261
77261
77278
77295
77328
77328
77328
77328
77328
77328
77328
77328
77328
77328
77328
77549
77590
78082
78190
78226
78275
78355
78376
78473
78848
79036
79311
79614
79622
79753
79994
80253
80394
80530
80599
80617
80806
80913
80913
80913
80913
80913
80913
80913
80913
80913
80913
80913
80913
80913
80913
80913
80913
80913
81140
81529
81666
81703
81716
81767
81795
81831
82036
82042
82109
82403
82570
82570
82570
82873
83362
83449
83574
83611
83703
83748
84017
84043
84113
84130
84297
84371
84479
84926
85121
85234
85294
85533
85570
85639
85640
85733
85780
86005
86328
86465
86478
86480
86480
86480
86480
86480
86480
86480
86480
86480
86480
86480
86480
86480
86480
86480
86480
86506
86760
86802
86977
87235
87418
87458
87545
87659
87671
87715
87719
87833
87890
87966
88017
88017
88017
88031
88279
88722
88757
89061
89157
89737
89829
90011
90184
90325
90404
90454
91109
91167
91362
91362
91362
91362
91362
91362
91362
91362
91732
91925
92487
92528
92533
92715
92715
92715
92715
92715
92715
92715
92715
92715
92715
92715
92715
92715
92715
92715
92715
92715
92715
92715
92715
92774
92863
93030
93117
93246
93294
93310
93451
93818
93898
93959
94294
94373
94388
94458
94578
94697
94771
94795
94935
95208
95247
95284
95295
95341
95424
95571
95571
95571
95571
95571
95571
95571
95571
95571
95577
95653
95865
95865
95865
95865
96076
96086
96213
96279
96410
96864
96922
96959
97051
97110
97179
97473
97485
97648
98215
98398
98509
98514
98611
98764
98930
99006
99289
99289
99289
99289
99289
99289
99289
99289
99312
99337
99376
99451
99593
99687
